1 6 0 0 0 0.125 -1
2 6 -1.63 -0.29 0 0.125 1
3 6 -2.95 -2.23 0 0.125 2
4 6 -4.28 -4.16 0 0.125 3
5 6 -5.42 -4.38 0 0.125 4
6 6 -5.91 -4.47 0 0.125 5
7 6 -5.61 -6.1 0 0.125 6
8 6 -5.3 -7.73 0 0.125 7
9 6 -3.36 -9.06 0 0.125 8
10 6 -1.43 -10.39 0 0.125 9
11 6 0.19 -10.09 0 0.125 10
12 6 1.82 -9.78 0 0.125 11
13 6 3.76 -11.11 0 0.125 12
14 6 4.07 -12.74 0 0.125 13
15 6 6.01 -14.07 0 0.125 14
16 6 6.31 -15.7 0 0.125 15
17 6 8.25 -17.02 0 0.125 16
18 6 10.19 -18.35 0 0.125 17
19 6 12.12 -19.68 0 0.125 18
20 6 14.06 -21 0 0.125 19
21 6 14.37 -22.63 0 0.125 20
22 6 14.67 -24.27 0 0.125 21
23 6 16.61 -25.6 0 0.125 22
24 6 16.92 -27.23 0 0.125 23
25 6 18.85 -28.56 0 0.125 24
26 6 19.16 -30.19 0 0.125 25
27 6 21.1 -31.52 0 0.125 26
28 6 21.4 -33.15 0 0.125 27
29 6 23.34 -34.48 0 0.125 28
30 6 23.64 -36.11 0 0.125 29
31 6 23.95 -37.74 0 0.125 30
32 6 25.89 -39.07 0 0.125 31
33 6 26.19 -40.7 0 0.125 32
34 6 28.13 -42.02 0 0.125 33
35 6 29.76 -41.72 0 0.125 34
36 6 31.39 -41.41 0 0.125 35
37 6 33.33 -42.74 0 0.125 36
38 6 35.27 -44.06 0 0.125 37
39 6 36.9 -43.76 0 0.125 38
40 6 38.53 -43.45 0 0.125 39
41 6 40.17 -43.15 0 0.125 40
42 6 41.8 -42.84 0 0.125 41
43 6 43.74 -44.17 0 0.125 42
44 6 45.37 -43.87 0 0.125 43
45 6 47 -43.57 0 0.125 44
46 6 48.64 -43.26 0 0.125 45
47 6 50.27 -42.96 0 0.125 46
48 6 51.9 -42.65 0 0.125 47
49 6 53.84 -43.98 0 0.125 48
50 6 55.76 -45.3 0 0.125 49
51 6 57.41 -45 0 0.125 50
52 6 59.04 -44.69 0 0.125 51
53 6 60.67 -44.39 0 0.125 52
54 6 62.6 -45.71 0 0.125 53
55 6 64.23 -45.41 0 0.125 54
56 6 66.17 -46.74 0 0.125 55
57 6 67.8 -46.44 0 0.125 56
58 6 69.43 -46.13 0 0.125 57
59 6 71.37 -47.46 0 0.125 58
60 6 73.01 -47.15 0 0.125 59
61 6 74.64 -46.84 0 0.125 60
62 6 76.27 -46.54 0 0.125 61
63 6 77.9 -46.23 0 0.125 62
64 6 79.53 -45.93 0 0.125 63
65 6 81.47 -47.25 0 0.125 64
66 6 83.1 -46.95 0 0.125 65
67 6 84.74 -46.64 0 0.125 66
68 6 86.37 -46.34 0 0.125 67
69 6 88 -46.03 0 0.125 68
70 6 89.63 -45.73 0 0.125 69
71 6 91.26 -45.43 0 0.125 70
72 6 92.89 -45.13 0 0.125 71
73 6 94.83 -46.45 0 0.125 72
74 6 96.46 -46.15 0 0.125 73
75 6 98.09 -45.84 0 0.125 74
76 6 99.73 -45.54 0 0.125 75
77 6 101.36 -45.23 0 0.125 76
78 6 103.01 -44.92 0 0.125 77
79 6 104.94 -46.25 0 0.125 78
80 6 106.87 -47.57 0 0.125 79
81 6 108.5 -47.27 0 0.125 80
82 6 110.14 -46.96 0 0.125 81
83 6 111.77 -46.66 0 0.125 82
84 6 113.4 -46.35 0 0.125 83
85 6 115.03 -46.05 0 0.125 84
86 6 116.66 -45.74 0 0.125 85
87 6 118.29 -45.44 0 0.125 86
88 6 119.93 -45.13 0 0.125 87
89 6 121.57 -44.83 0 0.125 88
90 6 122.89 -42.89 0 0.125 89
91 6 124.53 -42.58 0 0.125 90
92 6 126.16 -42.28 0 0.125 91
93 6 128.09 -43.6 0 0.125 92
94 6 129.73 -43.3 0 0.125 93
95 6 131.36 -42.99 0 0.125 94
96 6 133.29 -44.32 0 0.125 95
97 6 134.94 -44.01 0 0.125 96
98 6 136.26 -42.08 0 0.125 97
99 6 137.89 -41.78 0 0.125 98
100 6 139.53 -41.47 0 0.125 99
101 6 141.46 -42.8 0 0.125 100
102 6 143.4 -44.13 0 0.125 101
103 6 142.06 -46.06 0 0.125 102
104 6 142.37 -47.69 0 0.125 103
105 6 142.68 -49.33 0 0.125 104
106 6 141.35 -51.26 0 0.125 105
107 6 141.65 -52.89 0 0.125 106
108 6 143.59 -54.22 0 0.125 107
109 6 145.22 -53.92 0 0.125 108
110 6 146.55 -51.98 0 0.125 109
111 6 148.18 -51.67 0 0.125 110
112 6 149.81 -51.37 0 0.125 111
113 6 151.44 -51.06 0 0.125 112
114 6 153.38 -52.39 0 0.125 113
115 6 154.71 -50.45 0 0.125 114
116 6 156.34 -50.15 0 0.125 115
117 6 157.67 -48.21 0 0.125 116
118 6 159.3 -47.9 0 0.125 117
119 6 160.93 -47.6 0 0.125 118
120 6 162.56 -47.29 0 0.125 119
121 6 163.89 -45.35 0 0.125 120
122 6 165.54 -45.05 0 0.125 121
123 6 167.17 -44.74 0 0.125 122
124 6 167.47 -46.37 0 0.125 123
125 6 169.4 -47.7 0 0.125 124
126 6 171.34 -49.03 0 0.125 125
127 6 172.97 -48.72 0 0.125 126
128 6 174.6 -48.41 0 0.125 127
129 6 176.54 -49.74 0 0.125 128
130 6 178.48 -51.07 0 0.125 129
131 6 179.8 -49.13 0 0.125 130
132 6 181.43 -48.83 0 0.125 131
133 6 183.37 -50.16 0 0.125 132
134 6 185 -49.86 0 0.125 133
135 6 186.94 -51.18 0 0.125 134
136 6 187.25 -52.81 0 0.125 135
137 6 187.55 -54.44 0 0.125 136
138 6 187.86 -56.09 0 0.125 137
139 6 186.53 -58.02 0 0.125 138
140 6 186.84 -59.66 0 0.125 139
141 6 187.14 -61.29 0 0.125 140
142 6 187.45 -62.92 0 0.125 141
143 6 186.12 -64.86 0 0.125 142
144 6 186.43 -66.49 0 0.125 143
145 6 186.73 -68.12 0 0.125 144
146 6 187.04 -69.75 0 0.125 145
147 6 187.35 -71.38 0 0.125 146
148 6 187.65 -73.01 0 0.125 147
149 6 186.32 -74.95 0 0.125 148
150 6 186.63 -76.58 0 0.125 149
151 6 186.94 -78.21 0 0.125 150
152 6 187.24 -79.85 0 0.125 151
153 6 187.55 -81.48 0 0.125 152
154 6 187.85 -83.11 0 0.125 153
155 6 188.16 -84.74 0 0.125 154
156 6 188.46 -86.38 0 0.125 155
157 6 188.77 -88 0 0.125 156
158 6 187.44 -89.95 0 0.125 157
159 6 189.37 -91.28 0 0.125 158
160 6 189.68 -92.91 0 0.125 159
161 6 189.98 -94.54 0 0.125 160
162 6 191.92 -95.87 0 0.125 161
163 6 192.22 -97.5 0 0.125 162
164 6 192.53 -99.13 0 0.125 163
165 6 194.16 -98.82 0 0.125 164
166 6 195.79 -98.52 0 0.125 165
167 6 197.73 -99.85 0 0.125 166
168 6 199.36 -99.54 0 0.125 167
169 6 201.3 -100.87 0 0.125 168
170 6 203.24 -102.19 0 0.125 169
171 6 205.17 -103.52 0 0.125 170
172 6 207.11 -104.84 0 0.125 171
173 6 207.42 -106.48 0 0.125 172
174 6 207.72 -108.11 0 0.125 173
175 6 209.67 -109.43 0 0.125 174
176 6 211.61 -110.76 0 0.125 175
177 6 211.91 -112.39 0 0.125 176
178 6 213.85 -113.72 0 0.125 177
179 6 215.79 -115.05 0 0.125 178
180 6 216.09 -116.68 0 0.125 179
181 6 218.03 -118.01 0 0.125 180
182 6 219.97 -119.34 0 0.125 181
183 6 220.27 -120.97 0 0.125 182
184 6 222.21 -122.29 0 0.125 183
185 6 222.52 -123.93 0 0.125 184
186 6 224.45 -125.25 0 0.125 185
187 6 226.39 -126.59 0 0.125 186
188 6 226.7 -128.22 0 0.125 187
189 6 228.63 -129.55 0 0.125 188
190 6 228.94 -131.18 0 0.125 189
191 6 230.87 -132.5 0 0.125 190
192 6 229.55 -134.44 0 0.125 191
193 6 228.21 -136.38 0 0.125 192
194 6 228.52 -138.01 0 0.125 193
195 6 228.82 -139.64 0 0.125 194
196 6 229.13 -141.28 0 0.125 195
197 6 229.43 -142.9 0 0.125 196
198 6 229.74 -144.55 0 0.125 197
199 6 230.05 -146.18 0 0.125 198
200 6 230.35 -147.81 0 0.125 199
201 6 230.66 -149.44 0 0.125 200
202 6 230.96 -151.07 0 0.125 201
203 6 -7.54 -4.78 0 0.125 5
204 6 -8.68 -4.99 0 0.125 203
205 6 -9.17 -5.08 0 0.125 204
206 6 -8.87 -6.71 0 0.125 205
207 6 -8.56 -8.34 0 0.125 206
208 6 -8.26 -9.98 0 0.125 207
209 6 -6.32 -11.3 0 0.125 208
210 6 -6.01 -12.93 0 0.125 209
211 6 -5.71 -14.57 0 0.125 210
212 6 -5.4 -16.2 0 0.125 211
213 6 -5.1 -17.83 0 0.125 212
214 6 -4.79 -19.46 0 0.125 213
215 6 -6.12 -21.4 0 0.125 214
216 6 -7.45 -23.33 0 0.125 215
217 6 -7.14 -24.97 0 0.125 216
218 6 -6.83 -26.6 0 0.125 217
219 6 -6.53 -28.23 0 0.125 218
220 6 -7.85 -30.18 0 0.125 219
221 6 -5.92 -31.5 0 0.125 220
222 6 -5.61 -33.13 0 0.125 221
223 6 -5.3 -34.77 0 0.125 222
224 6 -3.37 -36.09 0 0.125 223
225 6 -3.06 -37.72 0 0.125 224
226 6 -2.76 -39.36 0 0.125 225
227 6 -2.45 -40.99 0 0.125 226
228 6 -2.15 -42.62 0 0.125 227
229 6 -1.84 -44.25 0 0.125 228
230 6 0.07 -45.59 0 0.125 229
231 6 0.37 -47.22 0 0.125 230
232 6 2.31 -48.54 0 0.125 231
233 6 2.61 -50.18 0 0.125 232
234 6 2.92 -51.81 0 0.125 233
235 6 3.23 -53.44 0 0.125 234
236 6 3.53 -55.07 0 0.125 235
237 6 2.21 -57.01 0 0.125 236
238 6 2.51 -58.65 0 0.125 237
239 6 2.82 -60.28 0 0.125 238
240 6 3.12 -61.91 0 0.125 239
241 6 3.43 -63.54 0 0.125 240
242 6 5.37 -64.87 0 0.125 241
243 6 5.67 -66.5 0 0.125 242
244 6 5.98 -68.13 0 0.125 243
245 6 6.28 -69.77 0 0.125 244
246 6 6.59 -71.4 0 0.125 245
247 6 6.89 -73.03 0 0.125 246
248 6 7.2 -74.66 0 0.125 247
249 6 5.87 -76.6 0 0.125 248
250 6 6.18 -78.23 0 0.125 249
251 6 4.85 -80.17 0 0.125 250
252 6 5.16 -81.8 0 0.125 251
253 6 5.46 -83.43 0 0.125 252
254 6 5.77 -85.06 0 0.125 253
255 6 6.07 -86.69 0 0.125 254
256 6 6.38 -88.32 0 0.125 255
257 6 6.69 -89.97 0 0.125 256
258 6 6.98 -91.6 0 0.125 257
259 6 7.29 -93.23 0 0.125 258
260 6 9.23 -94.56 0 0.125 259
261 6 9.53 -96.19 0 0.125 260
262 6 9.84 -97.82 0 0.125 261
263 6 11.77 -99.15 0 0.125 262
264 6 12.08 -100.78 0 0.125 263
265 6 14.02 -102.1 0 0.125 264
266 6 15.95 -103.43 0 0.125 265
267 6 16.26 -105.06 0 0.125 266
268 6 16.56 -106.69 0 0.125 267
269 6 18.5 -108.02 0 0.125 268
270 6 18.81 -109.65 0 0.125 269
271 6 20.74 -110.98 0 0.125 270
272 6 21.05 -112.61 0 0.125 271
273 6 23 -113.93 0 0.125 272
274 6 23.3 -115.56 0 0.125 273
275 6 23.61 -117.21 0 0.125 274
276 6 25.54 -118.52 0 0.125 275
277 6 25.85 -120.16 0 0.125 276
278 6 27.79 -121.49 0 0.125 277
279 6 28.09 -123.12 0 0.125 278
280 6 28.4 -124.75 0 0.125 279
281 6 28.71 -126.38 0 0.125 280
282 6 29.01 -128.02 0 0.125 281
283 6 30.95 -129.34 0 0.125 282
284 6 31.25 -130.97 0 0.125 283
285 6 31.56 -132.61 0 0.125 284
286 6 31.86 -134.24 0 0.125 285
287 6 32.16 -135.87 0 0.125 286
288 6 32.47 -137.5 0 0.125 287
289 6 32.77 -139.13 0 0.125 288
290 6 33.08 -140.76 0 0.125 289
291 6 35.01 -142.09 0 0.125 290
292 6 35.32 -143.72 0 0.125 291
293 6 35.62 -145.35 0 0.125 292
294 6 35.93 -146.99 0 0.125 293
295 6 37.87 -148.32 0 0.125 294
296 6 38.17 -149.95 0 0.125 295
297 6 38.39 -151.09 0 0.125 296
298 6 38.48 -151.58 0 0.125 297
299 6 36.54 -150.26 0 0.125 298
300 6 34.61 -148.93 0 0.125 299
301 6 32.67 -147.6 0 0.125 300
302 6 32.36 -145.96 0 0.125 301
303 6 30.42 -144.64 0 0.125 302
304 6 28.49 -143.31 0 0.125 303
305 6 26.54 -141.99 0 0.125 304
306 6 26.23 -140.36 0 0.125 305
307 6 24.3 -139.03 0 0.125 306
308 6 22.36 -137.7 0 0.125 307
309 6 22.05 -136.07 0 0.125 308
310 6 21.76 -134.44 0 0.125 309
311 6 19.82 -133.11 0 0.125 310
312 6 17.88 -131.79 0 0.125 311
313 6 16.25 -132.09 0 0.125 312
314 6 14.32 -130.77 0 0.125 313
315 6 14.01 -129.14 0 0.125 314
316 6 13.71 -127.5 0 0.125 315
317 6 11.77 -126.18 0 0.125 316
318 6 10.14 -126.48 0 0.125 317
319 6 8.2 -125.16 0 0.125 318
320 6 7.89 -123.53 0 0.125 319
321 6 5.95 -122.19 0 0.125 320
322 6 4.02 -120.87 0 0.125 321
323 6 2.08 -119.54 0 0.125 322
324 6 0.14 -118.21 0 0.125 323
325 6 -1.77 -116.88 0 0.125 324
326 6 -3.41 -117.18 0 0.125 325
327 6 -5.34 -115.85 0 0.125 326
328 6 -7.28 -114.53 0 0.125 327
329 6 -8.91 -114.83 0 0.125 328
330 6 -10.54 -115.14 0 0.125 329
331 6 -12.18 -115.45 0 0.125 330
332 6 -14.12 -114.12 0 0.125 331
333 6 -16.06 -112.79 0 0.125 332
334 6 -16.36 -111.16 0 0.125 333
335 6 -16.67 -109.53 0 0.125 334
336 6 -16.98 -107.9 0 0.125 335
337 6 -17.28 -106.27 0 0.125 336
338 6 -17.59 -104.64 0 0.125 337
339 6 -17.89 -103 0 0.125 338
340 6 40.42 -152.91 0 0.125 297
341 6 42.05 -152.61 0 0.125 340
342 6 43.68 -152.3 0 0.125 341
343 6 45.31 -152 0 0.125 342
344 6 47.25 -153.33 0 0.125 343
345 6 49.19 -154.66 0 0.125 344
346 6 50.82 -154.35 0 0.125 345
347 6 52.45 -154.05 0 0.125 346
348 6 54.39 -155.37 0 0.125 347
349 6 56.02 -155.07 0 0.125 348
350 6 57.65 -154.76 0 0.125 349
351 6 59.59 -156.09 0 0.125 350
352 6 61.53 -157.41 0 0.125 351
353 6 63.47 -158.74 0 0.125 352
354 6 65.41 -160.06 0 0.125 353
355 6 67.35 -161.39 0 0.125 354
356 6 68.98 -161.08 0 0.125 355
357 6 70.91 -162.41 0 0.125 356
358 6 72.55 -162.1 0 0.125 357
359 6 74.48 -163.43 0 0.125 358
360 6 76.11 -163.13 0 0.125 359
361 6 78.05 -164.45 0 0.125 360
362 6 79.68 -164.15 0 0.125 361
363 6 81.32 -163.84 0 0.125 362
364 6 83.25 -165.17 0 0.125 363
365 6 84.88 -164.86 0 0.125 364
366 6 86.52 -164.56 0 0.125 365
367 6 88.45 -165.88 0 0.125 366
368 6 90.08 -165.58 0 0.125 367
369 6 91.72 -165.28 0 0.125 368
370 6 93.65 -166.62 0 0.125 369
371 6 95.3 -166.31 0 0.125 370
372 6 96.93 -166 0 0.125 371
373 6 98.56 -165.7 0 0.125 372
374 6 100.49 -167.01 0 0.125 373
375 6 102.13 -166.71 0 0.125 374
376 6 104.07 -168.05 0 0.125 375
377 6 105.7 -167.74 0 0.125 376
378 6 107.33 -167.43 0 0.125 377
379 6 108.96 -167.13 0 0.125 378
380 6 110.59 -166.82 0 0.125 379
381 6 112.22 -166.52 0 0.125 380
382 6 113.86 -166.21 0 0.125 381
383 6 115.79 -167.54 0 0.125 382
384 6 117.42 -167.23 0 0.125 383
385 6 119.06 -166.93 0 0.125 384
386 6 120.69 -166.62 0 0.125 385
387 6 122.32 -166.32 0 0.125 386
388 6 123.95 -166.01 0 0.125 387
389 6 125.9 -167.34 0 0.125 388
390 6 127.83 -168.66 0 0.125 389
391 6 129.47 -168.36 0 0.125 390
392 6 131.1 -168.05 0 0.125 391
393 6 132.73 -167.75 0 0.125 392
394 6 134.36 -167.44 0 0.125 393
395 6 135.99 -167.14 0 0.125 394
396 6 137.62 -166.84 0 0.125 395
397 6 139.26 -166.53 0 0.125 396
398 6 140.89 -166.23 0 0.125 397
399 6 142.52 -165.92 0 0.125 398
400 6 144.15 -165.62 0 0.125 399
401 6 146.09 -166.94 0 0.125 400
402 6 147.72 -166.64 0 0.125 401
403 6 149.35 -166.33 0 0.125 402
404 6 150.98 -166.03 0 0.125 403
405 6 152.92 -167.35 0 0.125 404
406 6 154.55 -167.05 0 0.125 405
407 6 156.18 -166.74 0 0.125 406
408 6 157.83 -166.43 0 0.125 407
409 6 159.46 -166.13 0 0.125 408
410 6 161.39 -167.46 0 0.125 409
411 6 163.03 -167.15 0 0.125 410
412 6 164.96 -168.48 0 0.125 411
413 6 166.59 -168.17 0 0.125 412
414 6 168.53 -169.5 0 0.125 413
415 6 170.47 -170.82 0 0.125 414
416 6 172.1 -170.52 0 0.125 415
417 6 174.04 -171.84 0 0.125 416
418 6 175.67 -171.54 0 0.125 417
419 6 177.61 -172.86 0 0.125 418
420 6 179.24 -172.56 0 0.125 419
421 6 181.18 -173.89 0 0.125 420
422 6 183.11 -175.22 0 0.125 421
423 6 185.05 -176.55 0 0.125 422
424 6 186.99 -177.87 0 0.125 423
425 6 188.92 -179.2 0 0.125 424
426 6 187.59 -181.15 0 0.125 425
427 6 186.26 -183.08 0 0.125 426
428 6 184.63 -183.39 0 0.125 427
429 6 183 -183.69 0 0.125 428
430 6 181.67 -185.63 0 0.125 429
431 6 180.35 -187.57 0 0.125 430
432 6 179.02 -189.5 0 0.125 431
433 6 177.7 -191.43 0 0.125 432
434 6 176.37 -193.37 0 0.125 433
435 6 175.04 -195.31 0 0.125 434
436 6 173.41 -195.61 0 0.125 435
437 6 172.09 -197.55 0 0.125 436
438 6 170.45 -197.86 0 0.125 437
439 6 168.82 -198.16 0 0.125 438
440 6 167.19 -198.47 0 0.125 439
441 6 165.86 -200.4 0 0.125 440
442 6 164.23 -200.71 0 0.125 441
443 6 162.59 -201.02 0 0.125 442
444 6 160.96 -201.32 0 0.125 443
445 6 159.33 -201.63 0 0.125 444
446 6 158 -203.56 0 0.125 445
447 6 156.37 -203.87 0 0.125 446
448 6 154.74 -204.18 0 0.125 447
449 6 153.11 -204.48 0 0.125 448
450 6 151.47 -204.79 0 0.125 449
451 6 149.84 -205.09 0 0.125 450
452 6 148.21 -205.4 0 0.125 451
453 6 146.58 -205.7 0 0.125 452
454 6 144.95 -206.01 0 0.125 453
455 6 143.32 -206.31 0 0.125 454
456 6 141.69 -206.62 0 0.125 455
457 6 140.05 -206.92 0 0.125 456
458 6 138.12 -205.6 0 0.125 457
459 6 136.48 -205.9 0 0.125 458
460 6 134.55 -204.57 0 0.125 459
461 6 132.61 -203.24 0 0.125 460
462 6 130.66 -201.92 0 0.125 461
463 6 128.73 -200.59 0 0.125 462
464 6 127.09 -200.9 0 0.125 463
465 6 125.16 -199.57 0 0.125 464
466 6 123.53 -199.88 0 0.125 465
467 6 121.89 -200.18 0 0.125 466
468 6 120.26 -200.49 0 0.125 467
469 6 118.63 -200.79 0 0.125 468
470 6 117.3 -202.73 0 0.125 469
471 6 115.67 -203.04 0 0.125 470
472 6 -10.31 -5.29 0 0.125 204
473 6 -10.81 -5.39 0 0.125 472
474 6 -12.44 -5.69 0 0.125 473
475 6 -14.07 -6 0 0.125 474
476 6 -15.7 -6.3 0 0.125 475
477 6 -17.33 -6.61 0 0.125 476
478 6 -18.96 -6.91 0 0.125 477
479 6 -20.6 -7.22 0 0.125 478
480 6 -22.53 -5.89 0 0.125 479
481 6 -24.16 -6.2 0 0.125 480
482 6 -25.8 -6.5 0 0.125 481
483 6 -27.43 -6.81 0 0.125 482
484 6 -29.36 -5.48 0 0.125 483
485 6 -31 -5.79 0 0.125 484
486 6 -32.64 -6.1 0 0.125 485
487 6 -34.27 -6.4 0 0.125 486
488 6 -36.21 -5.08 0 0.125 487
489 6 -36.51 -3.44 0 0.125 488
490 6 -38.45 -2.11 0 0.125 489
491 6 -40.39 -0.78 0 0.125 490
492 6 -42.32 0.52 0 0.125 491
493 6 -43.95 0.22 0 0.125 492
494 6 -45.59 -0.06 0 0.125 493
495 6 -47.22 -0.36 0 0.125 494
496 6 -48.85 -0.67 0 0.125 495
497 6 -50.18 -2.61 0 0.125 496
498 6 -51.5 -4.54 0 0.125 497
499 6 -53.14 -4.85 0 0.125 498
500 6 -54.46 -6.79 0 0.125 499
501 6 -56.09 -7.1 0 0.125 500
502 6 -57.72 -7.41 0 0.125 501
503 6 -59.36 -7.71 0 0.125 502
504 6 -60.68 -9.65 0 0.125 503
505 6 -62.32 -9.96 0 0.125 504
506 6 -63.94 -10.26 0 0.125 505
507 6 -65.59 -10.57 0 0.125 506
508 6 -66.91 -12.5 0 0.125 507
509 6 -68.54 -12.81 0 0.125 508
510 6 -70.18 -13.11 0 0.125 509
511 6 -71.81 -13.42 0 0.125 510
512 6 -73.44 -13.73 0 0.125 511
513 6 -75.07 -14.03 0 0.125 512
514 6 -12.13 -7.32 0 0.125 472
515 6 -13.46 -9.26 0 0.125 514
516 6 -15.09 -9.57 0 0.125 515
517 6 -16.72 -9.87 0 0.125 516
518 6 -18.35 -10.18 0 0.125 517
519 6 -19.68 -12.11 0 0.125 518
520 6 -21.31 -12.42 0 0.125 519
521 6 -22.64 -14.36 0 0.125 520
522 6 -24.27 -14.66 0 0.125 521
523 6 -25.59 -16.6 0 0.125 522
524 6 -27.23 -16.91 0 0.125 523
525 6 -28.55 -18.84 0 0.125 524
526 6 -30.19 -19.15 0 0.125 525
527 6 -31.83 -19.46 0 0.125 526
528 6 -33.46 -19.76 0 0.125 527
529 6 -34.78 -21.7 0 0.125 528
530 6 -36.42 -22 0 0.125 529
531 6 -38.05 -22.31 0 0.125 530
532 6 -39.19 -22.52 0 0.125 531
533 6 -39.68 -22.61 0 0.125 532
534 6 -41.62 -21.29 0 0.125 533
535 6 -43.55 -19.96 0 0.125 534
536 6 -45.49 -18.63 0 0.125 535
537 6 -47.12 -18.93 0 0.125 536
538 6 -49.06 -17.61 0 0.125 537
539 6 -50.69 -17.91 0 0.125 538
540 6 -52.32 -18.22 0 0.125 539
541 6 -53.95 -18.52 0 0.125 540
542 6 -55.59 -18.83 0 0.125 541
543 6 -57.22 -19.13 0 0.125 542
544 6 -59.15 -17.81 0 0.125 543
545 6 -60.8 -18.11 0 0.125 544
546 6 -62.42 -18.42 0 0.125 545
547 6 -64.06 -18.72 0 0.125 546
548 6 -65.69 -19.03 0 0.125 547
549 6 -67.32 -19.34 0 0.125 548
550 6 -69.26 -18.01 0 0.125 549
551 6 -71.2 -16.68 0 0.125 550
552 6 -72.83 -16.99 0 0.125 551
553 6 -74.46 -17.29 0 0.125 552
554 6 -76.09 -17.6 0 0.125 553
555 6 -77.72 -17.91 0 0.125 554
556 6 -79.66 -16.58 0 0.125 555
557 6 -81.29 -16.88 0 0.125 556
558 6 -82.92 -17.19 0 0.125 557
559 6 -41 -24.55 0 0.125 532
560 6 -42.33 -26.49 0 0.125 559
561 6 -43.66 -28.43 0 0.125 560
562 6 -44.98 -30.36 0 0.125 561
563 6 -44.68 -31.99 0 0.125 562
564 6 -44.37 -33.63 0 0.125 563
565 6 -45.7 -35.55 0 0.125 564
566 6 -47.02 -37.5 0 0.125 565
567 6 -48.65 -37.81 0 0.125 566
568 6 -49.98 -39.74 0 0.125 567
569 6 -51.31 -41.68 0 0.125 568
570 6 -52.94 -41.99 0 0.125 569
571 6 -54.57 -42.29 0 0.125 570
572 6 -56.21 -42.6 0 0.125 571
573 6 -57.53 -44.53 0 0.125 572
574 6 -59.17 -44.84 0 0.125 573
575 6 -60.51 -46.78 0 0.125 574
576 6 -62.14 -47.08 0 0.125 575
577 6 -63.77 -47.39 0 0.125 576
578 6 -65.09 -49.33 0 0.125 577
579 6 -66.42 -51.26 0 0.125 578
580 6 -67.75 -53.2 0 0.125 579
581 6 -69.07 -55.14 0 0.125 580
582 6 -70.4 -57.07 0 0.125 581
583 6 -71.73 -59.01 0 0.125 582
584 6 -73.36 -59.32 0 0.125 583
585 6 -74.68 -61.25 0 0.125 584
586 6 -76.01 -63.19 0 0.125 585
587 6 -77.64 -63.5 0 0.125 586
588 6 -78.97 -65.43 0 0.125 587
589 6 -80.6 -65.74 0 0.125 588
590 6 -82.23 -66.05 0 0.125 589
591 6 -83.56 -67.98 0 0.125 590
592 6 -85.2 -68.29 0 0.125 591
593 6 -86.52 -70.23 0 0.125 592
594 6 -88.16 -70.53 0 0.125 593
595 6 -90.09 -69.21 0 0.125 594
596 6 2.45 13.97 0 0.125 1
597 6 0.52 15.29 0 0.125 596
598 6 -1.4 16.63 0 0.125 597
599 6 -3.35 17.95 0 0.125 598
600 6 -4.98 17.65 0 0.125 599
601 6 -6.92 18.97 0 0.125 600
602 6 -8.85 20.3 0 0.125 601
603 6 -10.79 21.63 0 0.125 602
604 6 -12.42 21.32 0 0.125 603
605 6 -14.36 22.65 0 0.125 604
606 6 -16.3 23.97 0 0.125 605
607 6 -18.23 25.3 0 0.125 606
608 6 -20.17 26.63 0 0.125 607
609 6 -21.8 26.32 0 0.125 608
610 6 -23.74 27.65 0 0.125 609
611 6 -25.68 28.97 0 0.125 610
612 6 -27.62 30.31 0 0.125 611
613 6 -29.55 31.63 0 0.125 612
614 6 -31.18 31.33 0 0.125 613
615 6 -33.12 32.65 0 0.125 614
616 6 -35.06 33.98 0 0.125 615
617 6 -36.69 33.68 0 0.125 616
618 6 -38.63 35 0 0.125 617
619 6 -40.57 36.33 0 0.125 618
620 6 -42.21 36.02 0 0.125 619
621 6 -44.14 37.35 0 0.125 620
622 6 -46.08 38.68 0 0.125 621
623 6 -47.71 38.38 0 0.125 622
624 6 -49.65 39.7 0 0.125 623
625 6 -51.59 41.03 0 0.125 624
626 6 -53.52 42.36 0 0.125 625
627 6 -55.15 42.05 0 0.125 626
628 6 -57.09 43.38 0 0.125 627
629 6 -59.03 44.7 0 0.125 628
630 6 -60.96 46.03 0 0.125 629
631 6 -61.26 47.66 0 0.125 630
632 6 -63.2 48.99 0 0.125 631
633 6 -65.14 50.31 0 0.125 632
634 6 -65.44 51.94 0 0.125 633
635 6 -67.38 53.27 0 0.125 634
636 6 -67.69 54.91 0 0.125 635
637 6 -69.62 56.24 0 0.125 636
638 6 -69.93 57.87 0 0.125 637
639 6 -71.87 59.2 0 0.125 638
640 6 -72.17 60.83 0 0.125 639
641 6 -74.11 62.15 0 0.125 640
642 6 -74.41 63.79 0 0.125 641
643 6 -76.36 65.11 0 0.125 642
644 6 -78.29 66.44 0 0.125 643
645 6 -80.24 67.76 0 0.125 644
646 6 -80.54 69.39 0 0.125 645
647 6 -82.48 70.72 0 0.125 646
648 6 -82.78 72.35 0 0.125 647
649 6 -83.09 73.98 0 0.125 648
650 6 -81.76 75.92 0 0.125 649
651 6 -80.43 77.86 0 0.125 650
652 6 -80.73 79.49 0 0.125 651
653 6 -79.42 81.43 0 0.125 652
654 6 -78.08 83.38 0 0.125 653
655 6 -78.39 85.01 0 0.125 654
656 6 -77.06 86.94 0 0.125 655
657 6 -77.37 88.58 0 0.125 656
658 6 -76.03 90.51 0 0.125 657
659 6 -76.34 92.14 0 0.125 658
660 6 -76.64 93.78 0 0.125 659
661 6 -75.31 95.71 0 0.125 660
662 6 -75.62 97.34 0 0.125 661
663 6 -77.56 98.67 0 0.125 662
664 6 -77.86 100.3 0 0.125 663
665 6 -78.17 101.93 0 0.125 664
666 6 -78.47 103.57 0 0.125 665
667 6 -78.78 105.2 0 0.125 666
668 6 -77.45 107.13 0 0.125 667
669 6 -76.13 109.07 0 0.125 668
670 6 -74.8 111.01 0 0.125 669
671 6 -73.47 112.95 0 0.125 670
672 6 -73.78 114.58 0 0.125 671
673 6 -72.45 116.51 0 0.125 672
674 6 -72.76 118.16 0 0.125 673
675 6 -73.07 119.79 0 0.125 674
676 6 -75 121.11 0 0.125 675
677 6 -76.94 122.44 0 0.125 676
678 6 -78.88 123.77 0 0.125 677
679 6 -80.51 123.46 0 0.125 678
680 6 -82.14 123.16 0 0.125 679
681 6 -84.08 124.48 0 0.125 680
682 6 -86.02 125.81 0 0.125 681
683 6 -86.32 127.44 0 0.125 682
684 6 -88.27 128.76 0 0.125 683
685 6 -90.2 130.1 0 0.125 684
686 6 -92.14 131.43 0 0.125 685
687 6 -94.08 132.75 0 0.125 686
688 6 -94.39 134.38 0 0.125 687
689 6 -96.31 135.71 0 0.125 688
690 6 -96.62 137.34 0 0.125 689
691 6 -96.92 138.97 0 0.125 690
692 6 -97.23 140.6 0 0.125 691
693 6 -97.53 142.24 0 0.125 692
694 6 -96.21 144.18 0 0.125 693
695 6 -96.51 145.81 0 0.125 694
696 6 -98.45 147.14 0 0.125 695
697 6 -98.76 148.77 0 0.125 696
698 6 -100.7 150.1 0 0.125 697
699 6 -101 151.73 0 0.125 698
700 6 -102.94 153.06 0 0.125 699
701 6 -103.24 154.69 0 0.125 700
702 6 -103.55 156.32 0 0.125 701
703 6 -105.49 157.65 0 0.125 702
704 6 -105.79 159.28 0 0.125 703
705 6 -106.1 160.91 0 0.125 704
706 6 -108.03 162.24 0 0.125 705
707 6 -108.34 163.87 0 0.125 706
708 6 -110.28 165.19 0 0.125 707
709 6 -108.95 167.13 0 0.125 708
710 6 -107.62 169.07 0 0.125 709
711 6 -105.99 169.37 0 0.125 710
712 6 -104.36 169.68 0 0.125 711
713 6 -102.73 169.98 0 0.125 712
714 6 -101.1 170.29 0 0.125 713
715 6 -99.77 172.23 0 0.125 714
716 6 -98.13 172.53 0 0.125 715
717 6 -96.51 172.84 0 0.125 716
718 6 -94.87 173.15 0 0.125 717
719 6 -93.24 173.45 0 0.125 718
720 6 -91.91 175.39 0 0.125 719
721 6 -90.28 175.69 0 0.125 720
722 6 -88.65 175.99 0 0.125 721
723 6 -87.01 176.29 0 0.125 722
724 6 -85.38 176.6 0 0.125 723
725 6 -83.75 176.91 0 0.125 724
726 6 -82.12 177.21 0 0.125 725
727 6 -80.79 179.15 0 0.125 726
728 6 -79.16 179.45 0 0.125 727
729 6 -77.53 179.76 0 0.125 728
730 6 -75.9 180.06 0 0.125 729
731 6 -74.26 180.37 0 0.125 730
732 6 -72.93 182.32 0 0.125 731
733 6 -71.3 182.62 0 0.125 732
734 6 -69.67 182.93 0 0.125 733
735 6 -68.04 183.23 0 0.125 734
736 6 -66.7 185.17 0 0.125 735
737 6 -65.07 185.48 0 0.125 736
738 6 -63.74 187.42 0 0.125 737
739 6 -62.42 189.35 0 0.125 738
740 6 -60.79 189.66 0 0.125 739
741 6 -59.46 191.59 0 0.125 740
742 6 -58.13 193.53 0 0.125 741
743 6 -56.5 193.84 0 0.125 742
744 6 -54.87 194.14 0 0.125 743
745 6 -53.24 194.45 0 0.125 744
746 6 -51.61 194.75 0 0.125 745
747 6 -49.98 195.06 0 0.125 746
748 6 -48.34 195.36 0 0.125 747
749 6 -47.02 197.3 0 0.125 748
750 6 -45.39 197.61 0 0.125 749
751 6 -43.75 197.9 0 0.125 750
752 6 -42.12 198.21 0 0.125 751
753 6 -40.8 200.15 0 0.125 752
754 6 -39.16 200.45 0 0.125 753
755 6 -37.84 202.39 0 0.125 754
756 6 -36.2 202.7 0 0.125 755
757 6 -34.57 203 0 0.125 756
758 6 -33.24 204.94 0 0.125 757
759 6 -31.61 205.24 0 0.125 758
760 6 -30.28 207.18 0 0.125 759
761 6 -28.65 207.49 0 0.125 760
762 6 -27.32 209.42 0 0.125 761
763 6 -25.69 209.73 0 0.125 762
764 6 -24.37 211.67 0 0.125 763
765 6 -22.73 211.97 0 0.125 764
766 6 -21.41 213.91 0 0.125 765
767 6 -19.78 214.21 0 0.125 766
768 6 -18.45 216.15 0 0.125 767
769 6 -16.82 216.46 0 0.125 768
770 6 -15.49 218.39 0 0.125 769
771 6 -13.86 218.7 0 0.125 770
772 6 -12.53 220.64 0 0.125 771
773 6 -10.9 220.94 0 0.125 772
774 6 -9.57 222.88 0 0.125 773
775 6 -7.94 223.19 0 0.125 774
776 6 -6.61 225.13 0 0.125 775
777 6 -5.27 227.07 0 0.125 776
778 6 -3.64 227.38 0 0.125 777
779 6 -2.01 227.68 0 0.125 778
780 6 -0.69 229.62 0 0.125 779
781 6 0.93 229.91 0 0.125 780
782 6 2.56 230.22 0 0.125 781
783 6 3.88 232.16 0 0.125 782
784 6 5.52 232.46 0 0.125 783
785 6 6.84 234.4 0 0.125 784
786 6 8.47 234.7 0 0.125 785
787 6 9.8 236.64 0 0.125 786
788 6 11.43 236.95 0 0.125 787
789 6 12.76 238.88 0 0.125 788
790 6 14.08 240.82 0 0.125 789
791 6 15.72 241.13 0 0.125 790
792 6 17.35 241.43 0 0.125 791
793 6 18.99 241.74 0 0.125 792
794 6 20.62 242.05 0 0.125 793
795 6 22.25 242.35 0 0.125 794
796 6 23.58 244.29 0 0.125 795
797 6 25.21 244.59 0 0.125 796
798 6 26.54 246.53 0 0.125 797
799 6 27.86 248.47 0 0.125 798
800 6 29.49 248.77 0 0.125 799
801 6 30.82 250.71 0 0.125 800
802 6 32.15 252.65 0 0.125 801
803 6 33.47 254.58 0 0.125 802
804 6 34.8 256.52 0 0.125 803
805 6 36.43 256.83 0 0.125 804
806 6 37.76 258.76 0 0.125 805
807 6 39.39 259.07 0 0.125 806
808 6 40.71 261.01 0 0.125 807
809 6 42.35 261.31 0 0.125 808
810 6 43.98 261.62 0 0.125 809
811 6 45.31 263.55 0 0.125 810
812 6 46.94 263.85 0 0.125 811
813 6 48.58 264.16 0 0.125 812
814 6 50.21 264.46 0 0.125 813
815 6 51.53 266.41 0 0.125 814
816 6 53.16 266.72 0 0.125 815
817 6 54.49 268.65 0 0.125 816
818 6 56.12 268.96 0 0.125 817
819 6 57.46 270.9 0 0.125 818
820 6 58.78 272.83 0 0.125 819
821 6 60.42 273.14 0 0.125 820
822 6 62.35 271.81 0 0.125 821
823 6 63.98 272.12 0 0.125 822
824 6 65.62 272.42 0 0.125 823
825 6 67.25 272.73 0 0.125 824
826 6 68.88 273.03 0 0.125 825
827 6 70.51 273.34 0 0.125 826
828 6 71.84 275.28 0 0.125 827
829 6 73.47 275.58 0 0.125 828
830 6 75.11 275.89 0 0.125 829
831 6 76.74 276.2 0 0.125 830
832 6 78.37 276.5 0 0.125 831
833 6 80.01 276.81 0 0.125 832
834 6 81.64 277.11 0 0.125 833
835 6 83.27 277.42 0 0.125 834
836 6 84.9 277.72 0 0.125 835
837 6 86.53 278.03 0 0.125 836
838 6 88.16 278.33 0 0.125 837
839 6 89.49 280.27 0 0.125 838
840 6 91.12 280.57 0 0.125 839
841 6 92.75 280.87 0 0.125 840
842 6 94.38 281.18 0 0.125 841
843 6 96.02 281.48 0 0.125 842
844 6 97.65 281.79 0 0.125 843
845 6 98.97 283.73 0 0.125 844
846 6 100.61 284.03 0 0.125 845
847 6 102.24 284.34 0 0.125 846
848 6 103.88 284.64 0 0.125 847
849 6 105.51 284.95 0 0.125 848
850 6 106.84 286.89 0 0.125 849
851 6 108.47 287.19 0 0.125 850
852 6 109.79 289.13 0 0.125 851
853 6 111.43 289.43 0 0.125 852
854 6 112.75 291.37 0 0.125 853
855 6 114.38 291.68 0 0.125 854
856 6 116.02 291.98 0 0.125 855
857 6 117.34 293.92 0 0.125 856
858 6 118.97 294.23 0 0.125 857
859 6 120.61 294.53 0 0.125 858
860 6 121.93 296.47 0 0.125 859
861 6 123.56 296.77 0 0.125 860
862 6 124.89 298.71 0 0.125 861
863 6 126.22 300.65 0 0.125 862
864 6 127.85 300.95 0 0.125 863
865 6 129.17 302.89 0 0.125 864
866 6 130.8 303.2 0 0.125 865
867 6 132.14 305.13 0 0.125 866
868 6 133.77 305.44 0 0.125 867
869 6 135.1 307.38 0 0.125 868
870 6 136.42 309.3 0 0.125 869
871 6 138.06 309.61 0 0.125 870
872 6 139.38 311.55 0 0.125 871
873 6 141.01 311.85 0 0.125 872
874 6 142.34 313.79 0 0.125 873
875 6 143.68 315.73 0 0.125 874
876 6 145 317.66 0 0.125 875
877 6 146.63 317.97 0 0.125 876
878 6 148.27 318.27 0 0.125 877
879 6 149.59 320.22 0 0.125 878
880 6 150.92 322.16 0 0.125 879
881 6 150.61 323.79 0 0.125 880
882 6 150.31 325.42 0 0.125 881
883 6 150 327.05 0 0.125 882
884 6 151.33 328.99 0 0.125 883
885 6 151.02 330.62 0 0.125 884
886 6 150.72 332.25 0 0.125 885
887 6 152.04 334.19 0 0.125 886
888 6 151.74 335.82 0 0.125 887
889 6 151.43 337.45 0 0.125 888
890 6 152.76 339.39 0 0.125 889
891 6 152.45 341.02 0 0.125 890
892 6 153.78 342.96 0 0.125 891
893 6 153.47 344.59 0 0.125 892
894 6 154.81 346.53 0 0.125 893
895 6 154.5 348.16 0 0.125 894
896 6 154.2 349.8 0 0.125 895
897 6 153.89 351.44 0 0.125 896
898 6 153.58 353.07 0 0.125 897
899 6 153.28 354.7 0 0.125 898
900 6 152.97 356.33 0 0.125 899
901 6 154.29 358.27 0 0.125 900
902 6 153.98 359.9 0 0.125 901
903 6 153.69 361.53 0 0.125 902
904 6 153.38 363.16 0 0.125 903
905 6 154.72 365.1 0 0.125 904
906 6 154.41 366.73 0 0.125 905
907 6 154.11 368.36 0 0.125 906
908 6 153.8 370 0 0.125 907
909 6 153.5 371.63 0 0.125 908
910 6 153.19 373.26 0 0.125 909
911 6 152.89 374.89 0 0.125 910
912 6 150.94 376.21 0 0.125 911
913 6 152.28 378.15 0 0.125 912
914 6 153.91 378.46 0 0.125 913
915 6 155.23 380.41 0 0.125 914
916 6 156.86 380.71 0 0.125 915
917 6 158.19 382.65 0 0.125 916
918 6 159.51 384.59 0 0.125 917
919 6 159.21 386.22 0 0.125 918
920 6 160.54 388.15 0 0.125 919
921 6 161.86 390.09 0 0.125 920
922 6 161.56 391.72 0 0.125 921
923 6 159.62 393.05 0 0.125 922
924 6 159.31 394.68 0 0.125 923
925 6 159.01 396.31 0 0.125 924
926 6 158.7 397.94 0 0.125 925
927 6 156.77 399.27 0 0.125 926
928 6 156.46 400.9 0 0.125 927
929 6 154.52 402.23 0 0.125 928
930 6 154.22 403.86 0 0.125 929
931 6 152.28 405.19 0 0.125 930
932 6 151.98 406.82 0 0.125 931
933 6 150.05 408.14 0 0.125 932
934 6 149.74 409.78 0 0.125 933
935 6 147.81 411.1 0 0.125 934
936 6 145.87 412.43 0 0.125 935
937 6 143.92 413.76 0 0.125 936
938 6 143.61 415.39 0 0.125 937
939 6 141.69 416.72 0 0.125 938
940 6 139.74 418.05 0 0.125 939
941 6 137.8 419.37 0 0.125 940
942 6 135.87 420.7 0 0.125 941
943 6 135.56 422.33 0 0.125 942
944 6 133.62 423.67 0 0.125 943
945 6 131.69 424.99 0 0.125 944
946 6 131.38 426.62 0 0.125 945
947 6 129.44 427.95 0 0.125 946
948 6 129.14 429.58 0 0.125 947
949 6 128.83 431.21 0 0.125 948
950 6 128.53 432.85 0 0.125 949
951 6 128.22 434.48 0 0.125 950
952 6 129.55 436.41 0 0.125 951
953 6 129.24 438.05 0 0.125 952
954 6 130.57 439.98 0 0.125 953
955 6 130.26 441.62 0 0.125 954
956 6 129.95 443.26 0 0.125 955
957 6 131.28 445.19 0 0.125 956
958 6 130.98 446.82 0 0.125 957
959 6 130.67 448.46 0 0.125 958
960 6 132 450.39 0 0.125 959
961 6 131.7 452.02 0 0.125 960
962 6 131.4 453.66 0 0.125 961
963 6 132.72 455.59 0 0.125 962
964 6 132.42 457.23 0 0.125 963
965 6 133.75 459.16 0 0.125 964
966 6 133.45 460.8 0 0.125 965
967 6 133.14 462.43 0 0.125 966
968 6 132.84 464.06 0 0.125 967
969 6 132.53 465.69 0 0.125 968
970 6 132.22 467.32 0 0.125 969
971 6 131.92 468.95 0 0.125 970
972 6 131.61 470.6 0 0.125 971
973 6 131.31 472.23 0 0.125 972
974 6 131 473.86 0 0.125 973
975 6 130.7 475.49 0 0.125 974
976 6 130.39 477.12 0 0.125 975
977 6 130.08 478.75 0 0.125 976
978 6 129.78 480.39 0 0.125 977
979 6 129.47 482.02 0 0.125 978
980 6 127.53 483.34 0 0.125 979
981 6 127.22 484.97 0 0.125 980
982 6 126.92 486.6 0 0.125 981
983 6 126.7 487.75 0 0.125 982
984 6 126.61 488.24 0 0.125 983
985 6 128.25 488.54 0 0.125 984
986 6 129.87 488.85 0 0.125 985
987 6 131.51 489.15 0 0.125 986
988 6 133.15 489.46 0 0.125 987
989 6 134.78 489.77 0 0.125 988
990 6 136.41 490.06 0 0.125 989
991 6 138.04 490.37 0 0.125 990
992 6 139.98 489.04 0 0.125 991
993 6 141.92 487.71 0 0.125 992
994 6 143.85 486.39 0 0.125 993
995 6 126.3 489.87 0 0.125 983
996 6 124.37 491.19 0 0.125 995
997 6 124.06 492.83 0 0.125 996
998 6 123.76 494.46 0 0.125 997
999 6 123.46 496.09 0 0.125 998
1000 6 121.52 497.42 0 0.125 999
1001 6 121.22 499.05 0 0.125 1000
1002 6 120.91 500.69 0 0.125 1001
1003 6 118.98 502 0 0.125 1002
1004 6 118.67 503.65 0 0.125 1003
1005 6 116.73 504.97 0 0.125 1004
1006 6 116.43 506.6 0 0.125 1005
1007 6 114.49 507.93 0 0.125 1006
1008 6 114.18 509.56 0 0.125 1007
1009 6 112.25 510.89 0 0.125 1008
1010 6 111.94 512.52 0 0.125 1009
1011 6 111.63 514.15 0 0.125 1010
1012 6 111.33 515.78 0 0.125 1011
1013 6 111.02 517.41 0 0.125 1012
1014 6 110.72 519.05 0 0.125 1013
1015 6 110.41 520.68 0 0.125 1014
1016 6 110.11 522.31 0 0.125 1015
1017 6 109.8 523.94 0 0.125 1016
1018 6 109.5 525.57 0 0.125 1017
1019 6 107.56 526.9 0 0.125 1018
1020 6 107.35 528.04 0 0.125 1019
1021 6 107.25 528.53 0 0.125 1020
1022 6 106.95 530.16 0 0.125 1021
1023 6 108.27 532.11 0 0.125 1022
1024 6 109.6 534.05 0 0.125 1023
1025 6 110.92 535.98 0 0.125 1024
1026 6 112.25 537.92 0 0.125 1025
1027 6 111.95 539.55 0 0.125 1026
1028 6 113.28 541.49 0 0.125 1027
1029 6 112.98 543.12 0 0.125 1028
1030 6 114.3 545.06 0 0.125 1029
1031 6 115.63 547 0 0.125 1030
1032 6 115.32 548.63 0 0.125 1031
1033 6 116.66 550.57 0 0.125 1032
1034 6 117.98 552.5 0 0.125 1033
1035 6 117.67 554.13 0 0.125 1034
1036 6 117.36 555.76 0 0.125 1035
1037 6 117.06 557.4 0 0.125 1036
1038 6 116.75 559.03 0 0.125 1037
1039 6 116.45 560.66 0 0.125 1038
1040 6 116.14 562.29 0 0.125 1039
1041 6 115.84 563.93 0 0.125 1040
1042 6 115.53 565.56 0 0.125 1041
1043 6 115.22 567.2 0 0.125 1042
1044 6 114.92 568.83 0 0.125 1043
1045 6 114.61 570.46 0 0.125 1044
1046 6 115.95 572.4 0 0.125 1045
1047 6 117.28 574.34 0 0.125 1046
1048 6 118.6 576.27 0 0.125 1047
1049 6 119.93 578.21 0 0.125 1048
1050 6 121.56 578.52 0 0.125 1049
1051 6 122.89 580.45 0 0.125 1050
1052 6 124.21 582.39 0 0.125 1051
1053 6 123.91 584.02 0 0.125 1052
1054 6 125.23 585.96 0 0.125 1053
1055 6 124.94 587.59 0 0.125 1054
1056 6 124.63 589.22 0 0.125 1055
1057 6 124.33 590.85 0 0.125 1056
1058 6 124.02 592.49 0 0.125 1057
1059 6 123.71 594.12 0 0.125 1058
1060 6 123.41 595.76 0 0.125 1059
1061 6 123.1 597.38 0 0.125 1060
1062 6 121.16 598.72 0 0.125 1061
1063 6 119.53 598.41 0 0.125 1062
1064 6 117.6 599.74 0 0.125 1063
1065 6 115.96 599.43 0 0.125 1064
1066 6 115.66 601.06 0 0.125 1065
1067 6 119.62 552.81 0 0.125 1035
1068 6 121.25 553.11 0 0.125 1067
1069 6 123.19 551.79 0 0.125 1068
1070 6 124.82 552.09 0 0.125 1069
1071 6 126.75 550.77 0 0.125 1070
1072 6 128.39 551.07 0 0.125 1071
1073 6 130.02 551.38 0 0.125 1072
1074 6 131.95 550.05 0 0.125 1073
1075 6 133.59 550.36 0 0.125 1074
1076 6 135.22 550.66 0 0.125 1075
1077 6 136.85 550.96 0 0.125 1076
1078 6 138.48 551.26 0 0.125 1077
1079 6 140.11 551.57 0 0.125 1078
1080 6 142.05 550.24 0 0.125 1079
1081 6 143.68 550.55 0 0.125 1080
1082 6 145.31 550.85 0 0.125 1081
1083 6 146.64 552.79 0 0.125 1082
1084 6 148.27 553.1 0 0.125 1083
1085 6 105.32 529.86 0 0.125 1020
1086 6 103.38 531.19 0 0.125 1085
1087 6 101.75 530.89 0 0.125 1086
1088 6 99.81 532.21 0 0.125 1087
1089 6 97.87 533.54 0 0.125 1088
1090 6 95.93 534.87 0 0.125 1089
1091 6 95.63 536.5 0 0.125 1090
1092 6 95.32 538.13 0 0.125 1091
1093 6 95.02 539.76 0 0.125 1092
1094 6 93.09 541.09 0 0.125 1093
1095 6 91.94 540.87 0 0.125 1094
1096 6 91.45 540.78 0 0.125 1095
1097 6 91.15 542.41 0 0.125 1096
1098 6 92.48 544.35 0 0.125 1097
1099 6 93.81 546.29 0 0.125 1098
1100 6 95.13 548.22 0 0.125 1099
1101 6 96.46 550.16 0 0.125 1100
1102 6 97.78 552.1 0 0.125 1101
1103 6 99.42 552.4 0 0.125 1102
1104 6 101.05 552.71 0 0.125 1103
1105 6 102.68 553.02 0 0.125 1104
1106 6 104.01 554.95 0 0.125 1105
1107 6 105.64 555.26 0 0.125 1106
1108 6 107.27 555.56 0 0.125 1107
1109 6 109.21 554.24 0 0.125 1108
1110 6 110.84 554.54 0 0.125 1109
1111 6 112.47 554.85 0 0.125 1110
1112 6 114.41 553.52 0 0.125 1111
1113 6 116.05 553.83 0 0.125 1112
1114 6 89.82 540.49 0 0.125 1095
1115 6 88.19 540.18 0 0.125 1114
1116 6 86.54 539.87 0 0.125 1115
1117 6 84.91 539.57 0 0.125 1116
1118 6 83.28 539.26 0 0.125 1117
1119 6 81.65 538.96 0 0.125 1118
1120 6 79.71 540.28 0 0.125 1119
1121 6 77.79 541.61 0 0.125 1120
1122 6 76.15 541.3 0 0.125 1121
1123 6 74.52 541 0 0.125 1122
1124 6 72.88 540.69 0 0.125 1123
1125 6 71.74 540.48 0 0.125 1124
1126 6 71.25 540.39 0 0.125 1125
1127 6 70.95 542.02 0 0.125 1126
1128 6 70.65 543.65 0 0.125 1127
1129 6 70.34 545.28 0 0.125 1128
1130 6 70.04 546.91 0 0.125 1129
1131 6 68.1 548.24 0 0.125 1130
1132 6 67.79 549.87 0 0.125 1131
1133 6 65.86 551.2 0 0.125 1132
1134 6 65.55 552.83 0 0.125 1133
1135 6 65.24 554.47 0 0.125 1134
1136 6 64.94 556.1 0 0.125 1135
1137 6 64.63 557.73 0 0.125 1136
1138 6 64.33 559.37 0 0.125 1137
1139 6 65.65 561.3 0 0.125 1138
1140 6 65.35 562.93 0 0.125 1139
1141 6 63.41 564.26 0 0.125 1140
1142 6 61.47 565.59 0 0.125 1141
1143 6 61.17 567.22 0 0.125 1142
1144 6 60.86 568.85 0 0.125 1143
1145 6 69.62 540.08 0 0.125 1125
1146 6 67.99 539.78 0 0.125 1145
1147 6 66.66 537.84 0 0.125 1146
1148 6 65.03 537.53 0 0.125 1147
1149 6 63.7 535.6 0 0.125 1148
1150 6 62.07 535.29 0 0.125 1149
1151 6 60.44 534.99 0 0.125 1150
1152 6 58.5 536.31 0 0.125 1151
1153 6 58.2 537.94 0 0.125 1152
1154 6 57.89 539.58 0 0.125 1153
1155 6 57.59 541.21 0 0.125 1154
1156 6 55.66 542.53 0 0.125 1155
1157 6 53.71 543.86 0 0.125 1156
1158 6 51.77 545.18 0 0.125 1157
1159 6 49.84 546.51 0 0.125 1158
1160 6 47.9 547.84 0 0.125 1159
1161 6 45.96 549.16 0 0.125 1160
1162 6 44.33 548.87 0 0.125 1161
1163 6 42.39 550.2 0 0.125 1162
1164 6 40.45 551.53 0 0.125 1163
1165 6 38.52 552.85 0 0.125 1164
1166 6 36.58 554.18 0 0.125 1165
1167 6 34.95 553.88 0 0.125 1166
1168 6 33.01 555.2 0 0.125 1167
1169 6 31.38 554.9 0 0.125 1168
1170 6 29.75 554.59 0 0.125 1169
1171 6 28.12 554.28 0 0.125 1170
1172 6 26.18 555.61 0 0.125 1171
1173 6 24.55 555.31 0 0.125 1172
1174 6 22.92 555 0 0.125 1173
1175 6 21.27 554.69 0 0.125 1174
1176 6 19.34 556.02 0 0.125 1175
1177 6 17.4 557.35 0 0.125 1176
1178 6 17.09 558.98 0 0.125 1177
1179 6 16.79 560.61 0 0.125 1178
1180 6 16.48 562.24 0 0.125 1179
1181 6 14.55 563.57 0 0.125 1180
1182 6 14.24 565.2 0 0.125 1181
1183 6 13.94 566.83 0 0.125 1182
1184 6 13.63 568.46 0 0.125 1183
1185 6 13.32 570.09 0 0.125 1184
1186 6 13.02 571.72 0 0.125 1185
1187 6 12.71 573.36 0 0.125 1186
1188 6 12.41 575 0 0.125 1187
1189 6 12.1 576.62 0 0.125 1188
1190 6 11.8 578.26 0 0.125 1189
1191 6 11.49 579.89 0 0.125 1190
1192 6 11.18 581.52 0 0.125 1191
1193 6 10.88 583.16 0 0.125 1192
1194 6 10.57 584.79 0 0.125 1193
1195 6 10.28 586.42 0 0.125 1194
1196 6 9.97 588.05 0 0.125 1195
1197 6 9.67 589.68 0 0.125 1196
1198 6 9.36 591.31 0 0.125 1197
1199 6 9.06 592.95 0 0.125 1198
1200 6 8.75 594.58 0 0.125 1199
1201 6 8.44 596.21 0 0.125 1200
1202 6 8.14 597.84 0 0.125 1201
1203 6 7.83 599.47 0 0.125 1202
1204 6 7.53 601.1 0 0.125 1203
1205 6 7.22 602.74 0 0.125 1204
1206 6 6.92 604.37 0 0.125 1205
1207 6 8.24 606.3 0 0.125 1206
1208 6 7.94 607.95 0 0.125 1207
1209 6 7.63 609.58 0 0.125 1208
1210 6 7.33 611.21 0 0.125 1209
1211 6 7.02 612.83 0 0.125 1210
1212 6 6.71 614.47 0 0.125 1211
1213 6 6.41 616.1 0 0.125 1212
1214 6 6.11 617.73 0 0.125 1213
1215 6 5.8 619.37 0 0.125 1214
1216 6 5.49 621 0 0.125 1215
1217 6 3.56 622.33 0 0.125 1216
1218 6 3.25 623.96 0 0.125 1217
1219 6 2.94 625.6 0 0.125 1218
1220 6 1.01 626.92 0 0.125 1219
1221 6 0.7 628.55 0 0.125 1220
1222 6 0.39 630.19 0 0.125 1221
1223 6 0.11 631.83 0 0.125 1222
1224 6 -1.82 633.15 0 0.125 1223
1225 6 -2.12 634.78 0 0.125 1224
1226 6 -4.06 636.11 0 0.125 1225
1227 6 -4.36 637.74 0 0.125 1226
1228 6 -6.3 639.06 0 0.125 1227
1229 6 -6.61 640.7 0 0.125 1228
1230 6 -6.91 642.32 0 0.125 1229
1231 6 -7.22 643.96 0 0.125 1230
1232 6 -7.53 645.6 0 0.125 1231
1233 6 -7.83 647.22 0 0.125 1232
1234 6 -8.14 648.86 0 0.125 1233
1235 6 -8.44 650.49 0 0.125 1234
1236 6 -8.75 652.12 0 0.125 1235
1237 6 -9.05 653.77 0 0.125 1236
1238 6 -9.36 655.4 0 0.125 1237
1239 6 -9.66 657.02 0 0.125 1238
1240 6 -11.6 658.36 0 0.125 1239
1241 6 -11.91 659.98 0 0.125 1240
1242 6 -12.21 661.61 0 0.125 1241
1243 6 -12.52 663.25 0 0.125 1242
1244 6 -12.82 664.87 0 0.125 1243
1245 6 -14.76 666.2 0 0.125 1244
1246 6 -15.07 667.84 0 0.125 1245
1247 6 -15.37 669.46 0 0.125 1246
1248 6 -17.31 670.8 0 0.125 1247
1249 6 -17.62 672.43 0 0.125 1248
1250 6 -17.92 674.05 0 0.125 1249
1251 6 -18.23 675.69 0 0.125 1250
1252 6 -18.52 677.32 0 0.125 1251
1253 6 -18.83 678.95 0 0.125 1252
1254 6 -19.13 680.59 0 0.125 1253
1255 6 -19.44 682.22 0 0.125 1254
1256 6 -21.38 683.55 0 0.125 1255
1257 6 -21.68 685.19 0 0.125 1256
1258 6 -21.99 686.81 0 0.125 1257
1259 6 -23.92 688.13 0 0.125 1258
1260 6 -24.23 689.78 0 0.125 1259
1261 6 -26.17 691.09 0 0.125 1260
1262 6 -28.11 692.43 0 0.125 1261
1263 6 -28.41 694.06 0 0.125 1262
1264 6 -30.35 695.38 0 0.125 1263
1265 6 -30.65 697.02 0 0.125 1264
1266 6 -30.96 698.65 0 0.125 1265
1267 6 -31.26 700.27 0 0.125 1266
1268 6 -29.94 702.22 0 0.125 1267
1269 6 -30.24 703.84 0 0.125 1268
1270 6 -30.55 705.47 0 0.125 1269
1271 6 -30.85 707.11 0 0.125 1270
1272 6 18.06 11.82 0 0.125 596
1273 6 19.69 12.13 0 0.125 1272
1274 6 21.32 12.43 0 0.125 1273
1275 6 22.64 14.37 0 0.125 1274
1276 6 24.28 14.67 0 0.125 1275
1277 6 25.91 14.98 0 0.125 1276
1278 6 27.23 16.92 0 0.125 1277
1279 6 28.38 17.13 0 0.125 1278
1280 6 28.88 17.22 0 0.125 1279
1281 6 28.57 18.86 0 0.125 1280
1282 6 28.26 20.49 0 0.125 1281
1283 6 29.59 22.42 0 0.125 1282
1284 6 30.92 24.36 0 0.125 1283
1285 6 30.61 25.99 0 0.125 1284
1286 6 31.94 27.93 0 0.125 1285
1287 6 31.63 29.56 0 0.125 1286
1288 6 31.33 31.19 0 0.125 1287
1289 6 32.65 33.13 0 0.125 1288
1290 6 32.35 34.76 0 0.125 1289
1291 6 33.67 36.7 0 0.125 1290
1292 6 33.37 38.33 0 0.125 1291
1293 6 34.69 40.27 0 0.125 1292
1294 6 34.39 41.91 0 0.125 1293
1295 6 30.51 17.53 0 0.125 1279
1296 6 31.83 19.47 0 0.125 1295
1297 6 33.47 19.77 0 0.125 1296
1298 6 35.1 20.08 0 0.125 1297
1299 6 36.73 20.38 0 0.125 1298
1300 6 38.36 20.69 0 0.125 1299
1301 6 39.99 20.99 0 0.125 1300
1302 6 41.13 21.21 0 0.125 1301
1303 6 41.62 21.3 0 0.125 1302
1304 6 43.26 21.61 0 0.125 1303
1305 6 45.19 20.27 0 0.125 1304
1306 6 46.82 20.57 0 0.125 1305
1307 6 48.76 19.25 0 0.125 1306
1308 6 50.39 19.55 0 0.125 1307
1309 6 52.02 19.86 0 0.125 1308
1310 6 53.66 20.16 0 0.125 1309
1311 6 55.59 18.84 0 0.125 1310
1312 6 42.95 23.24 0 0.125 1302
1313 6 44.28 25.17 0 0.125 1312
1314 6 45.6 27.1 0 0.125 1313
1315 6 47.23 27.41 0 0.125 1314
1316 6 48.87 27.71 0 0.125 1315
1317 6 50.19 29.65 0 0.125 1316
1318 6 51.82 29.95 0 0.125 1317
1319 6 53.45 30.26 0 0.125 1318
1320 6 55.09 30.57 0 0.125 1319
1321 6 56.72 30.87 0 0.125 1320
1322 6 58.36 31.18 0 0.125 1321
1323 6 59.69 33.12 0 0.125 1322
1324 6 61.32 33.42 0 0.125 1323
1325 6 62.95 33.73 0 0.125 1324
1326 6 64.58 34.03 0 0.125 1325
1327 6 66.21 34.34 0 0.125 1326
1328 6 67.35 34.55 0 0.125 1327
1329 6 67.84 34.64 0 0.125 1328
1330 6 68.15 33.01 0 0.125 1329
1331 6 66.82 31.07 0 0.125 1330
1332 6 67.13 29.44 0 0.125 1331
1333 6 67.43 27.81 0 0.125 1332
1334 6 67.74 26.18 0 0.125 1333
1335 6 68.05 24.55 0 0.125 1334
1336 6 69.98 23.22 0 0.125 1335
1337 6 70.29 21.59 0 0.125 1336
1338 6 69.48 34.95 0 0.125 1328
1339 6 70.8 36.89 0 0.125 1338
1340 6 72.43 37.19 0 0.125 1339
1341 6 73.76 39.13 0 0.125 1340
1342 6 75.39 39.43 0 0.125 1341
1343 6 77.02 39.74 0 0.125 1342
1344 6 78.35 41.68 0 0.125 1343
1345 6 79.98 41.98 0 0.125 1344
1346 6 81.61 42.29 0 0.125 1345
1347 6 82.94 44.22 0 0.125 1346
1348 6 84.57 44.53 0 0.125 1347
1349 6 86.21 44.84 0 0.125 1348
1350 6 87.85 45.14 0 0.125 1349
1351 6 89.48 45.45 0 0.125 1350
1352 6 91.12 45.74 0 0.125 1351
1353 6 92.75 46.05 0 0.125 1352
1354 6 94.38 46.35 0 0.125 1353
1355 6 96.01 46.66 0 0.125 1354
1356 6 97.64 46.97 0 0.125 1355
1357 6 98.78 47.18 0 0.125 1356
1358 6 99.27 47.27 0 0.125 1357
1359 6 100.91 47.58 0 0.125 1358
1360 6 102.23 49.51 0 0.125 1359
1361 6 103.56 51.45 0 0.125 1360
1362 6 105.19 51.76 0 0.125 1361
1363 6 106.52 53.69 0 0.125 1362
1364 6 108.15 54 0 0.125 1363
1365 6 109.47 55.95 0 0.125 1364
1366 6 111.1 56.25 0 0.125 1365
1367 6 112.74 56.56 0 0.125 1366
1368 6 114.06 58.49 0 0.125 1367
1369 6 115.4 60.43 0 0.125 1368
1370 6 115.7 58.8 0 0.125 1369
1371 6 117.34 59.11 0 0.125 1370
1372 6 118.66 61.04 0 0.125 1371
1373 6 119.99 62.98 0 0.125 1372
1374 6 121.31 64.92 0 0.125 1373
1375 6 122.95 65.22 0 0.125 1374
1376 6 124.27 67.16 0 0.125 1375
1377 6 125.9 67.47 0 0.125 1376
1378 6 127.23 69.4 0 0.125 1377
1379 6 128.86 69.71 0 0.125 1378
1380 6 130.19 71.65 0 0.125 1379
1381 6 131.82 71.95 0 0.125 1380
1382 6 133.14 73.89 0 0.125 1381
1383 6 134.47 75.83 0 0.125 1382
1384 6 132.53 77.15 0 0.125 1383
1385 6 133.86 79.09 0 0.125 1384
1386 6 102.54 47.88 0 0.125 1359
1387 6 104.17 48.19 0 0.125 1386
1388 6 105.8 48.49 0 0.125 1387
1389 6 107.43 48.8 0 0.125 1388
1390 6 109.06 49.1 0 0.125 1389
1391 6 110.39 51.04 0 0.125 1390
1392 6 112.02 51.35 0 0.125 1391
1393 6 113.65 51.65 0 0.125 1392
1394 6 115.29 51.96 0 0.125 1393
1395 6 116.93 52.27 0 0.125 1394
1396 6 118.56 52.57 0 0.125 1395
1397 6 120.19 52.88 0 0.125 1396
1398 6 121.82 53.18 0 0.125 1397
1399 6 123.45 53.49 0 0.125 1398
1400 6 125.09 53.79 0 0.125 1399
1401 6 126.72 54.1 0 0.125 1400
1402 6 128.35 54.4 0 0.125 1401
1403 6 129.98 54.71 0 0.125 1402
1404 6 131.61 55.01 0 0.125 1403
1405 6 132.94 56.95 0 0.125 1404
1406 6 134.57 57.26 0 0.125 1405
1407 6 136.2 57.55 0 0.125 1406
1408 6 138.14 56.23 0 0.125 1407
1409 6 139.77 56.53 0 0.125 1408
1410 6 141.71 55.21 0 0.125 1409
1411 6 143.34 55.51 0 0.125 1410
1412 6 145.28 54.19 0 0.125 1411
1413 6 147.22 52.86 0 0.125 1412
1414 6 148.85 53.17 0 0.125 1413
1415 6 150.49 53.47 0 0.125 1414
1416 6 152.42 52.15 0 0.125 1415
1417 6 154.06 52.45 0 0.125 1416
1418 6 155.38 54.39 0 0.125 1417
1419 6 157.01 54.69 0 0.125 1418
1420 6 158.64 55 0 0.125 1419
1421 6 160.28 55.3 0 0.125 1420
1422 6 161.91 55.61 0 0.125 1421
1423 6 163.54 55.92 0 0.125 1422
1424 6 165.17 56.22 0 0.125 1423
1425 6 167.11 54.9 0 0.125 1424
1426 6 168.74 55.2 0 0.125 1425
1427 6 170.37 55.51 0 0.125 1426
1428 6 172.31 54.18 0 0.125 1427
1429 6 173.94 54.49 0 0.125 1428
1430 6 175.57 54.79 0 0.125 1429
1431 6 177.2 55.1 0 0.125 1430
1432 6 178.85 55.4 0 0.125 1431
1433 6 180.48 55.7 0 0.125 1432
1434 6 182.11 56 0 0.125 1433
1435 6 183.74 56.31 0 0.125 1434
1436 6 185.37 56.62 0 0.125 1435
1437 6 187 56.92 0 0.125 1436
1438 6 188.64 57.23 0 0.125 1437
1439 6 190.27 57.53 0 0.125 1438
1440 6 191.9 57.84 0 0.125 1439
1441 6 193.53 58.14 0 0.125 1440
1442 6 195.16 58.45 0 0.125 1441
1443 6 196.79 58.75 0 0.125 1442
1444 6 198.73 57.43 0 0.125 1443
1445 6 200.36 57.73 0 0.125 1444
1446 6 202.3 56.41 0 0.125 1445
1447 6 202.6 54.78 0 0.125 1446
1448 6 202.91 53.14 0 0.125 1447
1449 6 203.22 51.51 0 0.125 1448
1450 6 203.52 49.88 0 0.125 1449